3.930999994277953880e-01
4.188999980688095093e-01
4.465999981760978566e-01
4.574999979138374417e-01
4.592999961972236700e-01
4.658999991416931108e-01
4.722999960184097179e-01
4.844999977946281566e-01
4.963999944925308050e-01
5.121999970078467967e-01
5.047999963164329085e-01
5.017999976873397383e-01
5.169999977946281300e-01
5.187999954819679793e-01
5.371999984979629605e-01
5.203999969363212186e-01
5.237999966740608526e-01
5.478999942541122881e-01
5.429000005125999007e-01
5.478999969363212985e-01
5.525999954342841747e-01
5.495999950170517012e-01
5.511999976634979204e-01
5.618999987840652688e-01
5.768999972939491405e-01
5.696000012755394470e-01
5.682999968528748003e-01
5.746999999880790799e-01
5.666999989748000566e-01
5.732999968528748047e-01
5.751999947428703130e-01
5.733999958634377059e-01
5.839999976754188804e-01
5.840999978780746504e-01
5.775999957323074696e-01
5.757999977469444586e-01
5.843999987840652333e-01
5.806999975442885820e-01
5.784000000357627513e-01
5.879999968409538313e-01
5.901999983191490440e-01
5.820000004768371982e-01
5.888999980688095492e-01
5.948999980092049000e-01
5.868999990820884527e-01
6.026999944448471203e-01
6.002999994158745301e-01
5.979999983310699818e-01
6.050000011920928511e-01
5.929999989271164118e-01
6.037999987602233887e-01
6.019999989867210743e-01
5.989999961853027521e-01
5.991999959945678578e-01
5.946999987959862288e-01
6.142999994754790860e-01
6.124999988079070645e-01
6.083000007271767151e-01
6.119000005722046165e-01
6.030999988317489180e-01
6.106999987363814775e-01
6.039999979734420599e-01
6.117999985814094321e-01
6.050000011920928511e-01
6.162000018358230191e-01
6.094000023603439731e-01
6.208999979496002686e-01
6.143999981880188255e-01
6.159000021219253052e-01
6.241000008583068581e-01
6.138000005483627008e-01
6.296999990940094216e-01
6.215000015497207375e-01
6.192999994754790904e-01
6.115999993681907609e-01
6.281000018119812234e-01
6.164999979734421265e-01
6.233000016212463246e-01
6.316000026464462236e-01
6.310000008344650579e-01
6.252999997138977140e-01
6.371000003814697443e-01
6.309999966621399059e-01
6.294999986886977705e-01
6.369999998807907016e-01
6.282000002264976901e-01
6.369000005722046387e-01
6.283000010251998946e-01
6.300999999046326128e-01
6.312999987602233576e-01
6.380000013113021895e-01
6.327000010013580367e-01
6.287000018358230857e-01
6.386999994516372459e-01
6.349000006914138350e-01
6.238000023365021240e-01
6.393000018596649570e-01
6.324999982118606479e-01
6.363999980688095359e-01
6.362000006437301680e-01
6.315999990701675060e-01
6.312999987602233576e-01
6.349999994039535745e-01
6.293999999761581421e-01
6.390000003576278287e-01
6.386000013351440519e-01
6.391000014543533059e-01
6.431000012159348023e-01
6.474000000953674672e-01
6.428000015020370883e-01
6.452000033855438410e-01
6.388000017404555919e-01
6.407999986410141124e-01
6.441999995708465043e-01
6.441999989748000699e-01
6.411999988555908692e-01
6.473000013828277277e-01
6.400000023841857510e-01
6.531000024080276800e-01
6.470000016689300137e-01
6.550999999046325240e-01
6.486000001430511919e-01
6.424000030755996349e-01
6.576000005006790161e-01
6.430999994277953880e-01
6.525999993085861428e-01
6.568000036478042203e-01
6.430000036954879317e-01
6.463000023365020885e-01
6.543000012636184248e-01
6.507000023126602306e-01
6.535000032186508712e-01
6.425999999046325684e-01
6.549000000953674183e-01
6.536000007390976307e-01
6.587000030279159812e-01
6.505999988317490157e-01
6.546000021696091187e-01
6.524999988079071001e-01
6.450000005960464522e-01
6.564999997615814653e-01
6.581000012159347046e-01
6.605000019073485884e-01
6.633000004291534912e-01
6.528000003099441173e-01
6.546999996900558783e-01
6.481000036001205444e-01
6.529999995231627885e-01
6.620999991893767866e-01
6.555000019073485840e-01
6.564999991655349199e-01
6.517000007629394354e-01
6.531999987363815707e-01
6.541000008583068848e-01
6.556000012159347579e-01
6.571999984979629561e-01
6.609999996423721047e-01
6.486000001430511919e-01
6.646000027656555620e-01
6.592000001668929521e-01
6.648999989032745583e-01
6.604000002145766768e-01
6.598000025749206632e-01
6.626000028848647583e-01
6.575000035762786910e-01
6.653000020980834872e-01
6.543999981880187500e-01
6.577000027894973622e-01
6.686000001430510986e-01
6.551000028848648071e-01
6.637000006437301369e-01
6.577000004053116244e-01
6.628999996185303001e-01
6.664000016450881692e-01
6.645000016689300848e-01
6.663000059127807129e-01
6.684000039100647106e-01
6.689000028371810957e-01
6.623000031709671553e-01
6.686000013351440785e-01
6.611000001430511475e-01
6.621000003814697665e-01
6.572000020742416737e-01
6.719000035524368419e-01
6.696000009775161521e-01
6.660000020265579579e-01
6.625000023841858265e-01
6.648000013828277988e-01
6.625000017881393921e-01
6.614000016450881647e-01
6.717000007629394531e-01
6.722000020742416870e-01
6.608000016212463024e-01
6.691000020503997670e-01
6.746000021696090254e-01
6.619000005722045499e-01
6.693999975919723289e-01
6.577999979257583840e-01
6.629000014066696034e-01
6.707999992370605735e-01
6.683000010251999301e-01
6.698000025749206721e-01
6.738000017404556230e-01
6.673000031709670488e-01
6.673000025749206143e-01
6.738000065088272095e-01
6.668000012636184914e-01
6.681000018119811479e-01
6.643000018596648681e-01
6.705000007152557284e-01
6.652000004053115756e-01
6.755000019073486017e-01
6.660000008344649780e-01
6.733000016212463690e-01
6.670000016689300315e-01
6.793000042438507302e-01
6.759000021219253584e-01
6.623000025749206099e-01
6.649000006914138616e-01
6.713999980688094560e-01
6.696000045537948697e-01
6.672000008821487027e-01
6.632000041007996005e-01
6.690000009536742898e-01
6.661999982595443459e-01
6.821000021696090876e-01
6.710000008344649824e-01
6.750000017881393477e-01
6.705000030994415772e-01
6.789999991655349953e-01
6.721000021696090787e-01
6.769000029563904119e-01
6.778000038862228571e-01
6.727000004053116378e-01
6.700999999046325373e-01
6.729000008106231778e-01
6.797000008821487693e-01
6.653000038862227905e-01
6.698000013828278032e-01
6.695000016689300892e-01
6.754000020027161044e-01
6.774000024795532315e-01
6.722000008821487071e-01
6.773000007867813199e-01
6.788000017404556274e-01
6.739000028371811002e-01
6.779000002145767478e-01
6.792000037431716875e-01
6.690000015497207242e-01
6.611000013351440163e-01
6.749000024795531738e-01
6.775000005960464255e-01
6.743000042438507258e-01
6.796000021696090299e-01
6.839000040292739779e-01
6.780000013113022250e-01
6.807000011205672774e-01
6.828000020980834472e-01
6.758000046014785989e-01
6.835000026226043524e-01
6.758000034093857300e-01
6.762000006437302035e-01
6.681000018119811479e-01
6.811000013351440341e-01
6.823000001907348899e-01
6.824000024795532360e-01
6.840000021457671719e-01
6.784000051021575883e-01
6.746000033617020053e-01
6.751000022888183905e-01
6.825000011920928644e-01
6.702000010013580145e-01
6.810000014305114258e-01
6.736000025272369518e-01
6.813000011444091397e-01
6.819000023603439820e-01
6.741000020503997714e-01
6.804000025987625433e-01
6.760000038146972701e-01
6.759000021219253584e-01
6.812000024318695113e-01
6.771000015735626487e-01
6.787000024318694535e-01
6.723000043630600331e-01
6.799000048637390270e-01
6.833000028133392467e-01
6.836000037193298295e-01
6.815000015497207908e-01
6.825000017881392989e-01
6.847000002861023393e-01
6.830000007152556840e-01
6.875999999046326083e-01
6.899000060558319047e-01
6.892000025510788275e-01
6.871000033617019609e-01
6.822000002861022816e-01
6.745000016689300937e-01
6.911000019311904774e-01
6.814000016450881825e-01
6.825999999046326039e-01
6.832000046968460527e-01
6.799000018835067438e-01
6.753000038862227994e-01
6.868000048398971158e-01
6.818000006675720703e-01
6.869000029563904208e-01
6.774000018835067971e-01
6.877000021934509544e-01
6.809000021219253629e-01
6.793000018596648815e-01
6.853999996185302646e-01
6.843999999761581909e-01
6.899000006914138838e-01
6.786000037193298251e-01
6.753000015020370617e-01
6.851000022888183993e-01
6.879000020027160600e-01
6.816000020503998336e-01
6.934000015258788840e-01
6.823000007867813244e-01
6.866000008583068581e-01
6.873000031709670665e-01
6.838000011444091975e-01
6.842000013589859542e-01
6.823000013828277588e-01
6.810000008344649913e-01
6.810000020265579712e-01
6.836000013351440918e-01
6.877000039815902577e-01
6.775000029802322743e-01
6.800000000000000488e-01
6.745000016689300937e-01
6.838000029325485007e-01
6.937000018358230324e-01
6.791000032424926447e-01
6.852000057697296143e-01
6.808999991416930797e-01
6.820000040531158936e-01
6.885000050067902055e-01
6.873000037670135010e-01
6.904000031948089866e-01
6.880000036954879716e-01
6.870999997854232433e-01
6.753999996185302557e-01
6.819000035524368508e-01
6.890999996662139360e-01
6.865000033378600985e-01
6.867000055313110529e-01
6.925000011920928733e-01
6.792000001668929698e-01
6.915000033378601030e-01
6.851000028848648338e-01
6.792000055313109907e-01
6.903000003099442061e-01
6.862000018358230813e-01
6.895000022649765414e-01
6.815000015497207908e-01
6.822000002861022816e-01
6.826000040769577559e-01
6.889000016450882447e-01
6.911000001430511741e-01
6.846000009775161654e-01
6.893999987840652155e-01
6.936999988555908603e-01
6.872000014781951549e-01
6.905000001192093118e-01
6.886000049114227028e-01
6.911000001430511741e-01
6.910000014305114346e-01
6.870000022649764837e-01
6.804000008106231290e-01
6.867000031471252042e-01
6.976000034809112238e-01
6.871000009775162232e-01
6.899999994039535123e-01
6.956000018119812278e-01
6.850999999046325506e-01
6.901000005006789895e-01
6.800000017881393521e-01
6.890999996662139360e-01
6.887000012397765936e-01
6.922000002861022905e-01
6.824000024795532360e-01
6.894000035524368020e-01
6.815000027418136597e-01
6.885000032186507912e-01
6.879000037908553633e-01
6.844000023603439287e-01
6.889000016450882447e-01
6.912000006437302169e-01
6.840000021457671719e-01
6.894000059366226507e-01
6.868000030517578125e-01
6.806999975442886708e-01
6.817000025510787653e-01
6.885000020265579224e-01
6.927000010013579789e-01
6.957999998331070302e-01
6.937000060081481845e-01
6.855000013113021762e-01
6.881000012159347312e-01
6.954999989271164473e-01
6.862999993562698409e-01
6.860000020265579757e-01
6.951000016927718628e-01
6.945999997854233055e-01
6.935000032186507957e-01
6.903000015020370750e-01
6.903000032901763783e-01
6.850000023841857910e-01
6.803999984264373913e-01
6.893000048398971735e-01
6.905000019073486150e-01
6.824000012874603671e-01
6.892000001668929787e-01
6.847000008821487738e-01
6.902000021934509011e-01
6.855000036954880249e-01
6.826000010967254727e-01
6.971000045537948386e-01
6.808000016212463201e-01
6.908999991416930886e-01
6.844000011682510598e-01
6.864000016450881869e-01
6.821000003814696733e-01
6.865000015497207952e-01
6.868000024557113781e-01
6.898000019788742554e-01
6.945000010728835660e-01
6.856999987363815441e-01
6.944000023603439375e-01
6.909000021219253718e-01
6.913000005483627142e-01
6.983999991416931508e-01
6.904999977350234630e-01
6.971000033617019698e-01
6.946999996900558028e-01
6.920000028610229226e-01
6.897000032663345159e-01
6.867000013589859009e-01
6.819000035524368508e-01
6.975000023841857466e-01
6.981000012159347401e-01
6.917000019550323398e-01
6.898000001907348411e-01
6.807000005245208429e-01
6.971999996900558605e-01
6.958000004291534646e-01
6.861000013351440385e-01
6.893000024557113248e-01
6.904999995231628773e-01
6.974999988079071400e-01
6.982000029087066517e-01
6.989000022411346880e-01
7.009000009298325118e-01
6.916000020503997314e-01
6.954000025987625566e-01
6.932000005245209096e-01
6.957000035047531394e-01
6.954000014066695767e-01
6.960000020265578735e-01
6.908000028133391979e-01
6.953000050783156860e-01
6.811999988555907937e-01
6.799000024795531782e-01
6.861000013351440385e-01
6.902000033855437700e-01
6.901000058650970104e-01
6.959000033140182451e-01
6.873000037670135010e-01
6.931000030040741500e-01
6.897999995946884066e-01
6.973000025749206410e-01
6.945000016689300004e-01
6.962000042200088279e-01
6.982999980449676736e-01
6.914000052213669090e-01
6.901000034809112726e-01
6.906000006198883545e-01
6.928000032901764360e-01
6.919000023603438798e-01
6.946000033617019120e-01
6.866000014543532926e-01
6.901999998092651634e-01
6.944999992847442627e-01
6.835999995470046775e-01
6.957000041007995739e-01
6.918000006675719682e-01
6.879000020027160600e-01
6.940000009536743120e-01
6.881000024080276001e-01
6.953999996185302734e-01
6.830000025033950983e-01
6.985000026226043657e-01
6.983000022172928256e-01
6.861000031232833418e-01
6.915000027418136685e-01
6.867000001668930320e-01
6.857000046968459994e-01
6.925000029802322876e-01
6.907999992370605913e-01
6.767000019550323264e-01
6.918000018596649481e-01
6.875999987125396284e-01
6.856000006198883501e-01
6.961999988555908070e-01
6.936000019311905351e-01
6.901000034809112726e-01
6.919999986886977705e-01
6.782999974489212214e-01
6.919000011682510110e-01
6.966000014543533014e-01
6.825000017881392989e-01
6.926000028848647849e-01
6.888000035285949396e-01
6.925000005960464389e-01
6.925000023841857422e-01
6.837999993562697831e-01
6.963000011444091530e-01
6.958000028133392023e-01
6.963000017404555875e-01
6.912999993562698453e-01
6.916000026464462769e-01
6.940000015497207464e-01
6.905000007152557462e-01
6.884000027179717485e-01
6.926000022888183505e-01
6.925000017881393077e-01
6.908000028133391979e-01
6.940000015497207464e-01
6.916000026464462769e-01
6.968000006675719726e-01
6.975000029802322921e-01
6.973000031709670754e-01
6.917000037431716430e-01
6.876000016927719116e-01
6.880000013113022339e-01
6.799000042676925926e-01
6.942000007629394176e-01
6.947000044584273892e-01
6.927000027894973933e-01
6.922000026702881392e-01
6.904000002145767034e-01
6.903999996185302690e-01
6.838000017404556319e-01
6.896000003814697354e-01
6.751000010967254106e-01
6.927000033855438277e-01
6.957000046968460083e-01
6.784000003337860019e-01
6.854000020027161133e-01
6.973999977111816628e-01
6.989999991655350131e-01
6.944000041484832408e-01
6.930000001192092585e-01
6.897000014781952126e-01
6.904000014066695723e-01
6.793000000715255782e-01
6.925000035762787221e-01
6.927000027894973933e-01
6.936000025272369696e-01
6.825999999046326039e-01
6.908999997377395230e-01
6.911000025272369118e-01
6.885999983549118131e-01
6.926000005006790472e-01
6.867000025510787697e-01
6.934000009298324496e-01
6.883000004291534024e-01
6.935000050067902100e-01
6.820999979972839355e-01
6.987000030279159057e-01
6.974000000953674006e-01
6.704999983310699907e-01
6.833000016212463779e-01
6.872000002861022860e-01
6.870000004768371804e-01
6.798000037670135498e-01
6.863000005483627097e-01
6.888000005483627675e-01
6.889000016450882447e-01
6.877000021934509544e-01
6.799000018835067438e-01
6.853000044822692427e-01
6.909000027179718062e-01
6.860000044107437134e-01
6.988000035285949485e-01
7.026000010967254905e-01
6.965999996662139981e-01
6.872000026702881348e-01
6.800000011920929177e-01
6.979000025987625033e-01
6.896000045537948875e-01
6.868000024557113781e-01
7.007999986410140547e-01
6.988000023365020796e-01
6.960000026226044190e-01
6.974000030755996837e-01
6.992000007629394220e-01
6.874000006914138261e-01
6.945000034570694147e-01
6.855000019073486106e-01
6.892999988794327182e-01
6.847000014781952082e-01
6.929000020027160645e-01
6.896000015735626043e-01
6.972000008821487294e-01
6.868000030517578125e-01
6.862000048160552534e-01
6.890000009536743075e-01
6.770999968051910622e-01
6.870999997854232433e-01
6.826999998092651012e-01
6.994000023603439420e-01
6.932000046968460616e-01
6.945000034570694147e-01
6.931000018119811701e-01
6.889999997615814387e-01
6.969999980926513405e-01
6.889000016450882447e-01
6.977000021934509633e-01
7.003000015020370839e-01
6.952000015974044711e-01
6.950000005960464966e-01
6.956000018119812278e-01
6.997000014781952215e-01
6.937999999523163375e-01
6.976000022888183549e-01
6.940000015497207464e-01
6.969000029563904297e-01
6.930000030994415416e-01
6.944000017642975031e-01
6.996000003814697443e-01
6.970000040531157959e-01
6.852000010013580278e-01
6.848000061511992920e-01
6.840999996662140425e-01
7.004000014066695812e-01
6.982000023126602173e-01
6.959000003337859619e-01
6.964000034332274991e-01
6.974000006914138350e-01
6.872000014781951549e-01
6.997000002861022416e-01
6.984000003337860196e-01
7.005000019073486239e-01
6.975000011920928777e-01
6.966000002622604326e-01
6.911000007390976085e-01
6.848000025749206854e-01
6.859000021219253673e-01
6.929000002145767612e-01
6.871000003814696777e-01
6.806000041961669522e-01
6.948000031709671287e-01
6.974000018835068149e-01
6.893999981880187811e-01
6.809000051021576461e-01
6.920000022649764881e-01
6.914000016450881914e-01
6.907000041007995694e-01
6.835000008344650491e-01
6.884000068902969005e-01
6.906000024080276578e-01
6.906000030040740922e-01
6.916000026464462769e-01
6.926000016927719161e-01
6.852000027894973311e-01
6.915000009536743653e-01
6.898000001907348411e-01
6.874000000953673917e-01
6.925000029802322876e-01
6.983000040054321289e-01
7.015000009536742631e-01
6.949000030755996260e-01
7.001000028848648471e-01
6.922999995946884644e-01
6.959000009298325073e-01
6.956000047922134000e-01
6.885000002384186191e-01
6.879000008106231911e-01
6.980000042915344149e-01
6.982000023126602173e-01
6.915000027418136685e-01
6.904000043869018555e-01
6.929000025987624989e-01
6.996000003814697443e-01
6.947000050544738237e-01
6.930000036954879761e-01
6.992999982833861816e-01
6.914999991655349509e-01
6.866000020503997270e-01
6.912000024318695202e-01
6.982000058889389349e-01
6.801999998092651545e-01
6.838999962806702193e-01
6.942000025510788319e-01
6.920000028610229226e-01
6.938999992609024003e-01
6.836000001430511119e-01
6.975000029802322921e-01
6.939999997615814431e-01
6.962000012397766557e-01
6.862000006437302124e-01
6.899000012874603183e-01
6.827000021934509499e-01
6.944999980926513938e-01
6.815000045299529630e-01
6.929000025987624989e-01
6.800999999046325462e-01
6.942000031471252663e-01
6.955000007152557506e-01
6.840000015497207375e-01
6.737000018358230147e-01
6.878000044822693004e-01
6.892000019550323930e-01
6.796999996900559005e-01
6.922000020742415938e-01
6.897000050544739302e-01
6.933000063896179732e-01
6.851000028848648338e-01
6.932000029087066473e-01
6.842999988794327137e-01
6.981999999284744796e-01
6.896000015735626043e-01
6.938000011444092063e-01
6.947000050544738237e-01
6.854000020027161133e-01
6.887000000476837247e-01
6.874000000953673917e-01
6.954999983310699019e-01
6.870000010728836148e-01
7.004000025987625611e-01
6.921000009775162276e-01
6.956000024080276622e-01
6.901000028848648382e-01
6.902000027894973355e-01
6.952000021934509055e-01
6.977000021934509633e-01
7.029000002145767700e-01
6.834000021219253096e-01
6.995999997854233099e-01
6.968000030517578214e-01
6.947000038623809548e-01
6.896999996900557983e-01
6.981000018119811745e-01
6.845000010728835571e-01
6.935000020265579268e-01
6.893000012636184559e-01
6.894999980926513894e-01
7.002000021934509100e-01
6.814000022411346169e-01
7.035000044107436734e-01
6.957000023126602706e-01
6.981999999284744796e-01
6.920999997854232477e-01
6.884000009298324452e-01
6.873000013828277632e-01
6.927000004053115445e-01
6.977000015974045288e-01
6.914000016450881914e-01
6.937000042200088812e-01
6.949000024795531916e-01
6.946000009775161743e-01
6.949000006914138883e-01
6.981000036001205888e-01
6.907999998331070257e-01
6.890000033378601563e-01
6.888000023365020708e-01
7.015000027418136774e-01
6.938000023365020752e-01
6.852000033855438765e-01
6.958000046014786166e-01
6.986999976634978848e-01
6.835000026226043524e-01
6.914999991655349509e-01
6.920000022649764881e-01
6.798000043630599842e-01
6.916000020503997314e-01
6.981999993324279341e-01
6.948000049591064320e-01
6.932000005245209096e-01
6.900000023841857955e-01
6.823000007867813244e-01
6.922999989986419189e-01
6.933000010251998413e-01
6.918000018596649481e-01
6.863000005483627097e-01
6.918000036478042514e-01
6.916000026464462769e-01
6.978000020980834606e-01
6.890999996662139360e-01
6.964999985694885209e-01
6.996000027656554821e-01
6.999999970197677834e-01
7.002000004053116067e-01
6.959000009298325073e-01
6.949000030755996260e-01
6.986000025272369740e-01
6.744000017642974854e-01
7.027000004053115534e-01
6.789000016450882358e-01
7.006000030040741011e-01
6.907000023126602661e-01
6.897000026702880815e-01
6.933000028133392556e-01
6.984000021219253229e-01
6.986000013351439941e-01
6.951999998092651678e-01
6.837000024318694580e-01
6.956999999284744218e-01
6.922000014781951593e-01
6.984000009298324541e-01
7.006000024080276667e-01
6.967000007629394753e-01
6.923999994993209617e-01
6.962999993562698497e-01
6.997000020742416559e-01
6.922000020742415938e-01
6.961000019311904818e-01
6.984999996423720825e-01
6.874000018835068060e-01
6.993000006675720304e-01
7.019000023603438887e-01
6.918000024557113825e-01
6.913000047206878662e-01
6.968999981880188432e-01
7.009000015258789462e-01
6.906000024080276578e-01
6.911000019311904774e-01
6.934999984502792092e-01
6.955000030994414884e-01
6.849999982118606390e-01
6.935999989509582520e-01
6.964999997615813898e-01
6.855000007152557417e-01
6.894000011682510642e-01
7.024000024795532537e-01
6.968000006675719726e-01
6.987000030279159057e-01
6.974000012874603804e-01
6.947000008821487826e-01
6.964999985694885209e-01
7.017000025510787831e-01
6.884000021219253140e-01
6.984000015258788885e-01
6.934000003337860152e-01
7.029000031948089422e-01
6.969000053405761674e-01
6.909000021219253718e-01
7.004000020027160156e-01
6.953000038862228172e-01
6.983000040054321289e-01
7.000000017881393699e-01
6.966000026464462813e-01
6.891000014543533503e-01
6.952000015974044711e-01
6.958000040054321822e-01
6.910000002384185658e-01
6.949000018835067571e-01
6.916000020503997314e-01
6.887000042200088767e-01
6.830999970436095747e-01
7.004999983310699063e-01
6.987000036239624512e-01
6.952000010013580367e-01
6.869000023603439864e-01
6.881000030040741455e-01
7.001000010967254328e-01
6.887999993562697876e-01
6.767000025510787609e-01
6.990000027418136197e-01
6.888000005483627675e-01
6.976999998092651145e-01
6.951000016927718628e-01
6.918000018596649481e-01
6.901000016927718583e-01
6.933000004291534069e-01
6.911000007390976085e-01
6.946000021696090432e-01
7.010000038146972923e-01
7.014000016450882002e-01
6.949000012874603227e-01
7.017000025510787831e-01
6.996000027656554821e-01
7.028000038862228793e-01
6.938000005483627719e-01
7.005000013113021895e-01
6.879000043869019088e-01
7.025000029802321855e-01
6.931999999284744751e-01
7.004000031948089955e-01
6.857000017166137162e-01
6.867000019550323353e-01
6.920000004768371848e-01
6.890000021457671764e-01
6.950000011920929310e-01
6.906000018119812234e-01
6.883000051975249889e-01
6.884000015258788796e-01
7.022000044584274514e-01
6.905000013113021806e-01
6.976000058650970725e-01
7.014000022411346347e-01
6.851000046730041371e-01
6.912000018358230857e-01
6.982000017166137829e-01
6.796000021696090299e-01
6.799000012874603094e-01
6.928000015020370217e-01
7.047000038623809637e-01
6.972000038623810125e-01
6.934000021219253185e-01
6.910000014305114346e-01
6.987000000476837336e-01
6.895000028610229759e-01
6.945000022649765459e-01
6.955000013113021851e-01
6.960000044107437223e-01
6.964000010490417614e-01
6.999000024795531960e-01
6.950000023841857999e-01
6.912000024318695202e-01
6.943999993801116544e-01
6.959000021219253762e-01
7.022000008821487338e-01
6.896000027656554732e-01
7.028000015020370306e-01
6.964000004529953269e-01
6.915000015497207997e-01
6.855000007152557417e-01
6.923000061511993541e-01
7.008000022172927723e-01
6.924000024795532449e-01
6.875000011920928689e-01
6.936000019311905351e-01
6.924000030755996793e-01
6.923000019788742021e-01
6.963000011444091530e-01
6.962000000476836759e-01
6.960000008344650047e-01
6.838000029325485007e-01
6.981000024080276090e-01
6.976000028848647894e-01
6.975000005960464433e-01
6.957999998331070302e-01
6.957999986410140503e-01
6.897000032663345159e-01
6.995000034570694192e-01
6.904000020027161177e-01
6.858000004291534557e-01
6.920000004768371848e-01
6.974000030755996837e-01
6.923000031709670710e-01
6.912000018358230857e-01
7.045000022649765548e-01
6.949000030755996260e-01
6.929999977350235207e-01
6.879000043869019088e-01
6.946000015735626087e-01
6.977000015974045288e-01
6.987999987602233620e-01
6.923000049591064853e-01
6.963000035285950018e-01
6.832999992370605291e-01
6.884000015258788796e-01
7.007000017166137296e-01
6.988000029325485141e-01
7.003999984264374090e-01
6.975000011920928777e-01
6.882000011205673395e-01
6.868000012636185092e-01
6.869999998807907460e-01
6.881999999284744707e-01
6.947000038623809548e-01
6.992000019550324019e-01
7.063000017404555964e-01
6.997000038623809592e-01
7.052000010013580455e-01
6.886000007390975508e-01
6.999000018835067616e-01
6.854000031948089822e-01
6.963000011444091530e-01
6.942000013589858520e-01
6.958000016212463334e-01
6.980000025033951117e-01
6.877000010013580855e-01
6.891000026464462191e-01
6.927000045776366965e-01
7.000999999046325639e-01
6.995999991893768755e-01
6.992999994754791615e-01
6.974000024795532493e-01
6.815000003576279219e-01
6.934000027179717529e-01
6.984000021219253229e-01
7.021000039577484086e-01
7.005000025033950584e-01
6.989000034332275568e-01
6.969000017642974498e-01
