1.681000004336238030e-01
2.297999994456768058e-01
2.596999995410442241e-01
2.974999991059303350e-01
3.249000017344951807e-01
3.571999990940094016e-01
3.773999994993209595e-01
3.933999988436698847e-01
4.164999973773956254e-01
4.275999975204467507e-01
4.356999972462654025e-01
4.472999963164329684e-01
4.622999966144561990e-01
4.663000005483627364e-01
4.741999968886375649e-01
4.814999991655349865e-01
4.844999966025352323e-01
4.912999978661536926e-01
4.993999969959259100e-01
4.975999966263771057e-01
5.090999963879585533e-01
5.081999990344047147e-01
5.193999961018562761e-01
5.156999978423119080e-01
5.210999956727028204e-01
5.228999966382980036e-01
5.251999986171722590e-01
5.272999984025955600e-01
5.330999967455863908e-01
5.293999949097633051e-01
5.393999975919723244e-01
5.353999963402747975e-01
5.432999977469443742e-01
5.446999961137771740e-01
5.476999950408935058e-01
5.471000018715858060e-01
5.514999970793723616e-01
5.484999975562095953e-01
5.511999991536140620e-01
5.561999967694282176e-01
5.521999973058701050e-01
5.560999983549117509e-01
5.566999992728233204e-01
5.629999998211860923e-01
5.690999969840049300e-01
5.675999969244003296e-01
5.645999985933304322e-01
5.643999993801116499e-01
5.648999977111816007e-01
5.731999966502189237e-01
5.704999959468841642e-01
5.752999955415725175e-01
5.710000002384185702e-01
5.744999969005584184e-01
5.765000006556511014e-01
5.760999980568886070e-01
5.791999974846839816e-01
5.730999985337257296e-01
5.831999987363815086e-01
5.855000010132789257e-01
5.853999999165534485e-01
5.886999961733817566e-01
5.851999983191490395e-01
5.763999995589256242e-01
5.795999944210052934e-01
5.889999988675117537e-01
5.817999967932701022e-01
5.868999996781348871e-01
5.910999980568886203e-01
5.931999975442886486e-01
5.886999994516373125e-01
5.899000015854835022e-01
5.930999988317489091e-01
5.946999981999396834e-01
5.988999983668327198e-01
5.937000006437301858e-01
5.954000005125998918e-01
5.923000007867813554e-01
5.989999997615814697e-01
5.992999991774559110e-01
5.953000035881995666e-01
6.039000010490417347e-01
6.027999985218047696e-01
6.022000011801719177e-01
6.052000007033347950e-01
6.041999980807304382e-01
6.020999994874000061e-01
6.046999999880791066e-01
6.095000007748603288e-01
6.118000021576881498e-01
6.026000016927719471e-01
6.039000043272971796e-01
6.125000008940696405e-01
6.168999987840652066e-01
6.077999988198280468e-01
6.075000017881393433e-01
6.124000012874603049e-01
6.071000009775161521e-01
6.103000000119209734e-01
6.100999996066093223e-01
6.147000005841255499e-01
6.108999988436698558e-01
6.123999962210655568e-01
6.149999976158142534e-01
6.133999976515770447e-01
6.164999979734421265e-01
6.208000004291533980e-01
6.172000002861023349e-01
6.201000002026557656e-01
6.162000012397765847e-01
6.212000000476837203e-01
6.225999996066093889e-01
6.228000003099442017e-01
6.231000015139579462e-01
6.218000009655952898e-01
6.191999980807304516e-01
6.168000015616417198e-01
6.251000005006790428e-01
6.214999991655349998e-01
6.239000007510184798e-01
6.249000027775764021e-01
6.306999990344047680e-01
6.208000010251999434e-01
6.231000012159347845e-01
6.181999981403351052e-01
6.283999991416930886e-01
6.242000019550323353e-01
6.262000030279160079e-01
6.202999997138977095e-01
6.296000015735626620e-01
6.249000006914138261e-01
6.255999985337257208e-01
6.229999971389770241e-01
6.307999980449676691e-01
6.331000006198883590e-01
6.256000018119811656e-01
6.280000007152557462e-01
6.274000024795531871e-01
6.333999997377395275e-01
6.305000001192092585e-01
6.270000010728835615e-01
6.341999989748000610e-01
6.324000018835067571e-01
6.321999996900558028e-01
6.315000021457671808e-01
6.368000030517577681e-01
6.343999966979027016e-01
6.366999989748001187e-01
6.347000002861022949e-01
6.345999985933303833e-01
6.349999994039535745e-01
6.353999990224837857e-01
6.364000022411346880e-01
6.403999984264373557e-01
6.328000038862228172e-01
6.330999988317489446e-01
6.387000006437301147e-01
6.385000008344650091e-01
6.401000016927719249e-01
6.408000004291534157e-01
6.416999983787536888e-01
6.359999996423720825e-01
6.406000030040740478e-01
6.443000006675719815e-01
6.439000004529953358e-01
6.423000001907348544e-01
6.416000020503997980e-01
6.440000021457672474e-01
6.450000005960464522e-01
6.399999994039535789e-01
6.443999981880188521e-01
6.465999996662139537e-01
6.421999990940093772e-01
6.444999974966049150e-01
6.411000031232834129e-01
6.414999991655350176e-01
6.472000008821487960e-01
6.481000030040741100e-01
6.461000013351440030e-01
6.482000011205673040e-01
6.498999989032745450e-01
6.510000014305115101e-01
6.476000010967254417e-01
6.495000010728836370e-01
6.552000021934509810e-01
6.482999986410140636e-01
6.499000024795532626e-01
6.492000007629394887e-01
6.541000014543533192e-01
6.514999967813491777e-01
6.579000025987624678e-01
6.525000023841858177e-01
6.465000021457671942e-01
6.535000008344650224e-01
6.636000007390976396e-01
6.496000009775161343e-01
6.589999997615814120e-01
6.573999983072280617e-01
6.549000000953674183e-01
6.525999993085861428e-01
6.558000028133392778e-01
6.555000013113021495e-01
6.534999984502792847e-01
6.576999998092651900e-01
6.445000010728836326e-01
6.559999996423721003e-01
6.587000006437301325e-01
6.571000021696090654e-01
6.488000041246414495e-01
6.501999986171722590e-01
6.639000028371810913e-01
6.565000015497207686e-01
6.585999971628189176e-01
6.599000024795532715e-01
6.630000030994415150e-01
6.576000005006790161e-01
6.628000020980835405e-01
6.620000016689300271e-01
6.595000022649765148e-01
6.592000013589859320e-01
6.646000009775161477e-01
6.561000025272369918e-01
6.664000016450881692e-01
6.626000022888183238e-01
6.639000010490417880e-01
6.660000026226043923e-01
6.627000015974044977e-01
6.646000003814697132e-01
6.609000027179717796e-01
6.652000033855438588e-01
6.620999997854233321e-01
6.643000000715255648e-01
6.579000008106231645e-01
6.608000040054321511e-01
6.652000015974044445e-01
6.666999989748001454e-01
6.695000010728836548e-01
6.643000000715255648e-01
6.606999993324279563e-01
6.643999999761581732e-01
6.692000007629395064e-01
6.634000003337859885e-01
6.643000006675719993e-01
6.672000014781951371e-01
6.703999996185302512e-01
6.621000027656555043e-01
6.695000016689300892e-01
6.704000037908554033e-01
6.735000008344650402e-01
6.594000017642974720e-01
6.639000004529953536e-01
6.649999982118606212e-01
6.645999997854232788e-01
6.676000028848647627e-01
6.659000033140182184e-01
6.710000020265579623e-01
6.670000028610229004e-01
6.753999996185302557e-01
6.670000010728835971e-01
6.644000011682510420e-01
6.702000015974044489e-01
6.718000024557113647e-01
6.687000018358230102e-01
6.680000030994415194e-01
6.739999997615814253e-01
6.704999989271164251e-01
6.647999984025955156e-01
6.740999996662140337e-01
6.766000020503998291e-01
6.714000022411346080e-01
6.650000029802322077e-01
6.722000056505202936e-01
6.736000001430511031e-01
6.750000023841857821e-01
6.783999991416931330e-01
6.724000018835067927e-01
6.751000022888183905e-01
6.731000012159347179e-01
6.743000024557113115e-01
6.760000014305114213e-01
6.799000018835067438e-01
6.792000055313109907e-01
6.743000042438507258e-01
6.778000020980834428e-01
6.725000017881392900e-01
6.809000039100646662e-01
6.795000010728835527e-01
6.714000016450881736e-01
6.751000034809112593e-01
6.765000015497207864e-01
6.700999969244003651e-01
6.748000013828278076e-01
6.744000005722046165e-01
6.757999992370605780e-01
6.765000027418136552e-01
6.807000017166138228e-01
6.753000003099441928e-01
6.753000038862227994e-01
6.807000023126602573e-01
6.739999991655349909e-01
6.821000009775162187e-01
6.757000017166138184e-01
6.795000028610229670e-01
6.746000015735625910e-01
6.781000041961670055e-01
6.794000017642974898e-01
6.814000028371810513e-01
6.770000046491623236e-01
6.787000000476837158e-01
6.696000033617020009e-01
6.792000025510788186e-01
6.792000031471252530e-01
6.787000030279159990e-01
6.778999996185303134e-01
6.772000020742416915e-01
6.799000018835067438e-01
6.747000002861023304e-01
6.843000036478043002e-01
6.788999986648559526e-01
6.777999997138977051e-01
6.809000015258789285e-01
6.834000009298324407e-01
6.780000019073486595e-01
6.817000007629394620e-01
6.702999985218047740e-01
6.783999997377395674e-01
6.750000017881393477e-01
6.825000005960464300e-01
6.768000006675720659e-01
6.792000019550323842e-01
6.838000047206879151e-01
6.757999998331070124e-01
6.787000030279159990e-01
6.818000054359436568e-01
6.772000038623809948e-01
6.789000016450882358e-01
6.748000001907348278e-01
6.788999998569488215e-01
6.860000014305114302e-01
6.854000008106231334e-01
6.851000016927719649e-01
6.824000030755996704e-01
6.810000032186508401e-01
6.825000005960464300e-01
6.747000032663345026e-01
6.759000015258789240e-01
6.797000002861023349e-01
6.763000035285949840e-01
6.800000041723250899e-01
6.822000020742415849e-01
6.848000013828277055e-01
6.786000037193298251e-01
6.796000039577484442e-01
6.768000006675720659e-01
6.783000010251999390e-01
6.817000007629394620e-01
6.819000011682510021e-01
6.753999984264373868e-01
6.765999990701675459e-01
6.810000014305114258e-01
6.815000027418136597e-01
6.810000026226044056e-01
6.800000053644180698e-01
6.828000015020370128e-01
6.825999987125396240e-01
6.812000006437302080e-01
6.904000014066695723e-01
6.811000013351440341e-01
6.821000039577483909e-01
6.876000016927719116e-01
6.856000036001205222e-01
6.807000005245208429e-01
6.786000031232833907e-01
6.865000021457672297e-01
6.843000018596648859e-01
6.837999993562697831e-01
6.802000021934508922e-01
6.838000005483627630e-01
6.901000016927718583e-01
6.859000021219253673e-01
6.782000023126601995e-01
6.865999990701675548e-01
6.855999994277953702e-01
6.820000004768371760e-01
6.809000033140182317e-01
6.832999992370605291e-01
6.852999997138976562e-01
6.822000002861022816e-01
6.830000013113022295e-01
6.821999979019165439e-01
6.867000019550323353e-01
6.850000023841857910e-01
6.840000021457671719e-01
6.887000000476837247e-01
6.865999996662139893e-01
6.876999974250793679e-01
6.861999982595443637e-01
6.873000013828277632e-01
6.887000018358230280e-01
6.901000005006789895e-01
6.826999998092651012e-01
6.882000029087066428e-01
6.845000040531158403e-01
6.888000029325485052e-01
6.865000003576278154e-01
6.946000033617019120e-01
6.903000015020370750e-01
6.918000000715255338e-01
6.863000029325485585e-01
6.909000039100646751e-01
6.863000005483627097e-01
6.836000031232833951e-01
6.895000034570694103e-01
6.873000037670135010e-01
6.902000010013580322e-01
6.822000020742415849e-01
6.911000043153763261e-01
6.942000049352645696e-01
6.923999989032745273e-01
6.885000038146972257e-01
6.879000025987624944e-01
6.892000025510788275e-01
6.881999999284744707e-01
6.902999997138976607e-01
6.886000013351440963e-01
6.901000040769577071e-01
6.952000021934509055e-01
6.902000027894973355e-01
6.933999991416931463e-01
6.911000061035156294e-01
6.886999994516372903e-01
6.884000003337860107e-01
6.950000011920929310e-01
6.837000018358230236e-01
6.827000033855438188e-01
6.905999994277953746e-01
6.899000012874603183e-01
6.882000052928924916e-01
6.866999995708465976e-01
6.943000012636184604e-01
6.966000014543533014e-01
6.910000002384185658e-01
6.812000030279159457e-01
6.910000056028365867e-01
6.930000036954879761e-01
6.949000018835067571e-01
6.931999993324279297e-01
6.889000016450882447e-01
6.896000039577484531e-01
6.913000029325485629e-01
6.919999998807907504e-01
6.868000006675720748e-01
6.926000016927719161e-01
6.855999976396560669e-01
6.894000011682510642e-01
6.884000027179717485e-01
6.921000009775162276e-01
6.881000036001205800e-01
6.897000020742416471e-01
6.938999992609024003e-01
6.869000023603439864e-01
6.837000036239624379e-01
6.940000021457671808e-01
6.898000013828277099e-01
6.960000026226044190e-01
6.947000020742416515e-01
6.921000009775162276e-01
6.886000025272369651e-01
6.927000045776366965e-01
6.972000002861022949e-01
6.936000007390975552e-01
6.980999994277954368e-01
6.895000010728835615e-01
6.971000015735626665e-01
6.934000033140182984e-01
6.977000039815902666e-01
6.875000029802322832e-01
6.952000033855437744e-01
6.897999984025955378e-01
6.972000032663345781e-01
6.910000008344650002e-01
6.955000007152557506e-01
6.974000012874603804e-01
6.886000019311905307e-01
6.922000002861022905e-01
6.952000010013580367e-01
6.933999997377395808e-01
6.963000029325485674e-01
6.941000068187713756e-01
6.980000019073486772e-01
6.942000013589858520e-01
6.945000010728835660e-01
6.919000035524368597e-01
6.939000016450882491e-01
6.991000044345855313e-01
6.953000015020370794e-01
6.931000000238418668e-01
6.908000010251998946e-01
6.973000019788742065e-01
6.942000001668929832e-01
7.002000010013580411e-01
7.007000029087067094e-01
6.981999987363814997e-01
6.971000015735626665e-01
6.942000025510788319e-01
6.904000031948089866e-01
6.960000038146972878e-01
6.981000036001205888e-01
6.936000007390975552e-01
6.965000027418136730e-01
6.933000004291534069e-01
6.953000038862228172e-01
6.990000015497207508e-01
7.015000003576278287e-01
6.985999989509582564e-01
6.925000023841857422e-01
6.999000024795531960e-01
6.936000043153762729e-01
6.948000025749206943e-01
6.976000022888183549e-01
6.990000015497207508e-01
6.954000025987625566e-01
6.961000013351440474e-01
6.989000010490417081e-01
6.992000025510788364e-01
6.991000002622604903e-01
6.973000037670135098e-01
7.015000009536742631e-01
6.985000032186508001e-01
6.975000017881393122e-01
7.024000042676925570e-01
6.946000033617019120e-01
6.956999993324279874e-01
6.997999972105026778e-01
6.970000028610229270e-01
6.986000019311905396e-01
7.013000035285950062e-01
7.044999998807907060e-01
7.011999982595443770e-01
6.971000027656555353e-01
6.964000040292739335e-01
6.964000010490417614e-01
6.962000006437301103e-01
6.951000022888184082e-01
6.979000008106232000e-01
6.981000030040740434e-01
7.022000014781951682e-01
7.023000037670135143e-01
7.038000017404556496e-01
7.008000022172927723e-01
6.972000002861022949e-01
7.001000022888184127e-01
6.997000062465668080e-01
7.020000016689300626e-01
6.989000010490417081e-01
6.985000026226043657e-01
6.924000006914138305e-01
7.022000002861022994e-01
6.963000023365020219e-01
7.014000028371810691e-01
6.991000002622604903e-01
7.002000045776367587e-01
7.031000030040740478e-01
7.001000022888184127e-01
7.045000016689300093e-01
6.997000008821487871e-01
6.978000026941298950e-01
7.004000014066695812e-01
7.023000019788742110e-01
7.026000028848647938e-01
7.004000025987625611e-01
7.027000015974045333e-01
7.028000009059905961e-01
7.000999993085861295e-01
7.007000041007995783e-01
6.994000023603439420e-01
7.017000019550323486e-01
6.980000007152556973e-01
7.042000037431717097e-01
6.979000002145767656e-01
7.028000020980834650e-01
7.023000001907349077e-01
7.023000007867813421e-01
7.051000010967254372e-01
7.016000026464461747e-01
6.957000029087067050e-01
7.056000047922134089e-01
7.026000022888183594e-01
7.080000019073486861e-01
7.052000051736831976e-01
6.988000047206878174e-01
7.026000016927719249e-01
6.979000025987625033e-01
7.062000012397766646e-01
6.965000033378601074e-01
7.067000049352646363e-01
7.043000030517577725e-01
7.037000018358230413e-01
7.049999999999999600e-01
7.041000026464462325e-01
7.049000036716460693e-01
7.010000032186508578e-01
7.081000030040740523e-01
7.033000022172928301e-01
7.046000015735626176e-01
7.093000042438507569e-01
7.075000000000000178e-01
7.080000019073486861e-01
7.076000010967254950e-01
7.069000023603438931e-01
7.015000015497208086e-01
7.055000025033950628e-01
7.100000017881393788e-01
7.044000023603439464e-01
7.001000005006789983e-01
7.013000011444091575e-01
7.030000036954879850e-01
7.056999999284744307e-01
6.967999988794326693e-01
7.068000006675719815e-01
7.063000041246414451e-01
7.032000011205673529e-01
7.006999999284744263e-01
7.057000011205672996e-01
7.050000053644179809e-01
7.037999993562698009e-01
7.073000001907349121e-01
7.061999994516372503e-01
7.049000000953674627e-01
7.065000027418136819e-01
7.129000020027160822e-01
7.019000041484833030e-01
7.025000029802321855e-01
7.105000019073486328e-01
7.045000016689300093e-01
7.012000018358230946e-01
7.078000020980834694e-01
7.080000001192092718e-01
7.024999988079071445e-01
7.050000047683715465e-01
7.067000025510787875e-01
7.056000018119812367e-01
7.098999994993210327e-01
7.058000040054320801e-01
6.993000030517577681e-01
7.097000008821487960e-01
7.070000016689300670e-01
7.091000002622603882e-01
7.030000030994415505e-01
7.073000019788742154e-01
7.065000009536742676e-01
7.085000008344650713e-01
7.067000025510787875e-01
7.057000011205672996e-01
7.103999990224838523e-01
7.090000057220459118e-01
7.100000023841858132e-01
7.069000023603438931e-01
7.114000040292739468e-01
7.059000003337859708e-01
7.081999999284743774e-01
7.089999985694884765e-01
7.051999986171721968e-01
7.013000023365020263e-01
7.036000031232834129e-01
7.028000026941298994e-01
7.118000030517578347e-01
7.094000029563903853e-01
7.144000053405761275e-01
7.044000047445296842e-01
7.086000037193298517e-01
7.124000030755996971e-01
7.051000016927718717e-01
7.090000033378600630e-01
7.018000030517578258e-01
7.083000010251998546e-01
7.072000020742416071e-01
7.057000005245208651e-01
7.100000005960463989e-01
7.124000060558318692e-01
7.118000012636184204e-01
7.129000043869018199e-01
7.097000014781952304e-01
7.075999987125396462e-01
7.052000027894973488e-01
7.082000046968459639e-01
7.115000015497208175e-01
7.064000040292739424e-01
7.058000034093856456e-01
7.036000025272369784e-01
7.058000028133392112e-01
7.085000032186508090e-01
7.123000019788742199e-01
7.068000012636184159e-01
7.122000014781951771e-01
7.053000026941299572e-01
7.119000041484833119e-01
7.125000041723251742e-01
7.071000003814696955e-01
7.102000033855437877e-01
7.063000011444091619e-01
7.124000012874602827e-01
7.043999987840652288e-01
7.071999996900558694e-01
7.126000028848648027e-01
7.143000024557113470e-01
7.123000019788742199e-01
7.051000040769577204e-01
7.072000008821487382e-01
7.078000032901763383e-01
7.053000032901763916e-01
7.063000023365020308e-01
7.061000019311904907e-01
7.061000001430511874e-01
7.134000021219253362e-01
7.093000012636184737e-01
7.143000006675720437e-01
7.072000008821487382e-01
7.086000031232834173e-01
7.126999992132186934e-01
7.070000010728836326e-01
7.134000045061111850e-01
7.090000021457671942e-01
7.115000027418136863e-01
7.052999997138976740e-01
7.091000026464462369e-01
7.066000032424927246e-01
7.084000015258788974e-01
7.154000037908554432e-01
7.105000030994415017e-01
7.150000011920929488e-01
7.109000009298324096e-01
7.107000035047531528e-01
7.090000015497207597e-01
7.121000045537948520e-01
7.173000025749206587e-01
7.106000024080276756e-01
7.113000041246414495e-01
7.101000040769577248e-01
7.063999980688094871e-01
7.119999986886977883e-01
7.157000035047531572e-01
7.112000018358231035e-01
7.135000014305115101e-01
7.175000011920928955e-01
7.139000016450881558e-01
7.120000028610229403e-01
7.107000041007995872e-01
7.077000015974044267e-01
7.135000050067901167e-01
7.115999996662140115e-01
7.061000037193297940e-01
7.112000024318695379e-01
7.105000019073486328e-01
7.073000001907349121e-01
7.146999973058700828e-01
7.143000006675720437e-01
7.102000045776367676e-01
7.139999997615814609e-01
7.117000025510787919e-01
7.107999968528747603e-01
7.120000004768372026e-01
7.101000040769577248e-01
7.138000017404556585e-01
7.100000005960463989e-01
7.117000013589859231e-01
7.057000011205672996e-01
7.176000016927719383e-01
7.153000062704086837e-01
7.112000024318695379e-01
7.068000024557113958e-01
7.095000034570694281e-01
7.085000020265579401e-01
7.145000022649764526e-01
7.102000010013580500e-01
7.082000005245209229e-01
7.119000023603438976e-01
7.108000046014786300e-01
7.170999991893768355e-01
7.149000024795532093e-01
7.134999990463256614e-01
7.107000023126601729e-01
7.082999992370605513e-01
7.138000005483626786e-01
7.122000002861023082e-01
7.099000024795532049e-01
7.149000006914139060e-01
7.120999997854232655e-01
7.147999995946884289e-01
7.166000032424926225e-01
7.177000010013580011e-01
7.152000027894973577e-01
7.146000015735626265e-01
7.108000034093856501e-01
7.120999991893768311e-01
7.162000024318695424e-01
7.152000033855437922e-01
7.144000011682510864e-01
7.130999994277954501e-01
7.113000005483627319e-01
7.166000032424926225e-01
7.134000003337860329e-01
7.183000040054321467e-01
7.164000028371810824e-01
7.138000005483626786e-01
7.071000009775161299e-01
7.111000025272369296e-01
7.180000025033951294e-01
7.165000009536742764e-01
7.130000001192092762e-01
7.137000012397766158e-01
7.139000022411345903e-01
7.169000011682510332e-01
7.073000007867813466e-01
7.081000018119811834e-01
7.101000022888183105e-01
7.129000014066696478e-01
7.096999996900558161e-01
7.176000016927719383e-01
7.146000015735626265e-01
7.163999992609023648e-01
7.098000025749207076e-01
7.153000009059905517e-01
7.122000032663344804e-01
7.090000027418136286e-01
7.134999996423720958e-01
7.124000012874602827e-01
7.092000019550322998e-01
7.119000035524368775e-01
7.085000026226043746e-01
7.163000011444091708e-01
7.180000019073485840e-01
7.138000035285949618e-01
7.156000006198882657e-01
7.162000018358231079e-01
7.162000036239624112e-01
7.176000005006790694e-01
7.155000007152557684e-01
7.121000033617019831e-01
7.187000000476837513e-01
7.208999991416931152e-01
7.177999973297118919e-01
7.097000002861022505e-01
7.124999994039535878e-01
7.147999995946884289e-01
7.120000022649765059e-01
7.193999987840652421e-01
7.134000009298324674e-01
7.209000021219253984e-01
7.181000000238418890e-01
7.183000040054321467e-01
7.147000008821486894e-01
7.072000014781951727e-01
7.133999991416931641e-01
7.205000013113022073e-01
7.181999981403350830e-01
7.091000014543533680e-01
7.161000013351440652e-01
7.172000020742416160e-01
7.150999993085861428e-01
7.175000029802321988e-01
7.152000010013580544e-01
7.122000032663344804e-01
7.127999991178513017e-01
7.105000030994415017e-01
7.151000022888183150e-01
7.153000015020370972e-01
7.157000017166137429e-01
7.200000017881393877e-01
7.158000040054320889e-01
7.114000010490417747e-01
7.175000017881393299e-01
7.202000045776366655e-01
7.202000033855437966e-01
7.168000006675719904e-01
7.163000023365020397e-01
7.136000013351440074e-01
7.158999991416931108e-01
7.137000042200088989e-01
7.107000011205673040e-01
7.156000006198882657e-01
7.155000025033950717e-01
7.144000035524368242e-01
7.133000022172928389e-01
7.188000023365020974e-01
7.182000035047531039e-01
7.238999986648559926e-01
7.150000023841858177e-01
7.209000027179718328e-01
7.140000015497207642e-01
7.164000016450882136e-01
7.198000019788741710e-01
7.201000052690506026e-01
7.172000014781951815e-01
7.166000026464461881e-01
7.193000024557113514e-01
7.147000026702881037e-01
7.172999984025955067e-01
7.149999999999999689e-01
7.232000005245208252e-01
7.197000014781952393e-01
7.166999995708465132e-01
7.202000015974044933e-01
7.208000016212463557e-01
7.158999991416931108e-01
7.165000015497207109e-01
7.084000045061111805e-01
7.140000021457671986e-01
7.180000036954879983e-01
7.171000009775161388e-01
7.205000013113022073e-01
7.185000038146972523e-01
7.179000008106232178e-01
7.169999992847442272e-01
7.205000007152557728e-01
7.162000012397765625e-01
7.196000027656554998e-01
7.203000003099441217e-01
7.147000032663345381e-01
7.197000014781952393e-01
7.175000011920928955e-01
7.145000010728835838e-01
7.134000021219253362e-01
7.155000013113022028e-01
7.232000011205673706e-01
7.197000020742416737e-01
7.205000030994415106e-01
7.177000021934509810e-01
7.204000049829483165e-01
7.182000011205673662e-01
7.166000014543533192e-01
7.199999999999999734e-01
7.126000058650970859e-01
7.190000021457672030e-01
7.213000017404556097e-01
7.185000032186508179e-01
7.207000035047531616e-01
7.199999994039535389e-01
7.148000031709671465e-01
7.141000020503998069e-01
7.169000047445297508e-01
7.196000015735626310e-01
7.159000009298324141e-01
7.151000016927718805e-01
7.210999995470046553e-01
7.217000007629394975e-01
7.211000019311905040e-01
7.197000044584274114e-01
7.152999997138976829e-01
7.158000022172927856e-01
7.164000010490417791e-01
7.208000022172927901e-01
7.207999998331069413e-01
7.186000019311904463e-01
7.194999992847442849e-01
7.191000002622603970e-01
7.222000044584274692e-01
7.188999992609024225e-01
7.174000012874602872e-01
7.173000049591063965e-01
7.185000032186508179e-01
7.220000022649765148e-01
7.211999994516372636e-01
7.081999987363815086e-01
7.196000015735626310e-01
7.176000010967255038e-01
7.199000042676925171e-01
7.170000028610229448e-01
7.226000022888183771e-01
7.236000013351440163e-01
7.225000017881393344e-01
7.186999994516373169e-01
7.194999992847442849e-01
7.147999984025955600e-01
7.238000029325485363e-01
7.157999992370605025e-01
7.225000029802322032e-01
7.201999986171722101e-01
7.215999996662140203e-01
7.192000043392181574e-01
7.196999996900558250e-01
7.220000046491622525e-01
7.183000034093857122e-01
7.245000034570694414e-01
7.195000016689300226e-01
7.177000010013580011e-01
7.237999999523162531e-01
7.196000039577483687e-01
7.173000001907348100e-01
7.130999988317490157e-01
7.179999989271164118e-01
7.093000006675720392e-01
7.168000006675719904e-01
7.156000024080276800e-01
7.166000038385391679e-01
7.222999995946883800e-01
7.215000009536742809e-01
7.218000000715255604e-01
7.225000017881393344e-01
7.182000011205673662e-01
