1.774000007659196909e-01
2.223000003397464786e-01
2.782000011205673085e-01
3.163000009953975677e-01
3.326000019907951466e-01
3.484000010788440571e-01
3.785999986529350325e-01
3.982999986410141191e-01
4.134999984502792381e-01
4.224999976158141934e-01
4.291999959945678733e-01
4.349999973177909873e-01
4.529999977350234741e-01
4.611999964714050271e-01
4.738999971747398510e-01
4.822999972105026512e-01
4.846999955177306862e-01
4.949999976158142023e-01
4.984999987483024753e-01
4.969999951124191018e-01
5.068999946117400679e-01
5.082999950647354437e-01
5.115999981760979143e-01
5.135999965667724654e-01
5.175999969244002852e-01
5.224999958276748124e-01
5.171999976038932356e-01
5.237999972701072871e-01
5.320999968051910445e-01
5.375999951362609997e-01
5.367999973893166077e-01
5.439999970793724104e-01
5.385999980568886292e-01
5.470999962091446234e-01
5.399999979138374595e-01
5.453999978303909479e-01
5.493999934196471813e-01
5.540999960899353205e-01
5.490999954938888816e-01
5.513999956846237227e-01
5.551999956369400024e-01
5.556999951601028220e-01
5.614999958872795016e-01
5.555999982357024969e-01
5.589999961853027166e-01
5.621000012755393849e-01
5.621999964118004067e-01
5.630999976396560136e-01
5.682999977469443964e-01
5.715999951958656844e-01
5.647999960184096890e-01
5.717999976873398005e-01
5.723999977111816628e-01
5.690999969840049300e-01
5.686999964714050115e-01
5.741999983787536843e-01
5.793999952077865112e-01
5.798999989032744828e-01
5.809999957680702654e-01
5.823999994993209750e-01
5.803999972343444336e-01
5.748999974131584478e-01
5.863999968767166227e-01
5.847999989986419900e-01
5.859999993443488764e-01
5.828999999165535018e-01
5.885999977588654009e-01
5.925999996066093622e-01
5.931999975442886486e-01
5.904999998211860612e-01
5.919999977946281966e-01
5.927999988198280334e-01
5.894999989867210077e-01
5.933999994397163302e-01
5.932999989390372875e-01
5.926999974250793946e-01
5.990000024437904802e-01
5.975999975204467907e-01
6.021999976038933111e-01
5.995999997854233321e-01
5.958999958634376704e-01
6.008000013232230874e-01
6.034000006318092080e-01
5.996000015735626354e-01
6.033000001311301652e-01
6.019000005722046076e-01
6.039000025391578763e-01
6.017000025510788053e-01
6.042000001668930143e-01
6.038999959826469865e-01
6.008999991416931197e-01
6.019999980926513672e-01
6.100999978184700190e-01
6.103000012040138422e-01
6.081000021100044783e-01
6.031999981403350919e-01
6.060999968647956537e-01
6.146000000834465071e-01
6.122000023722649065e-01
6.118999975919723333e-01
6.120999994874000150e-01
6.143000006675720659e-01
6.053000000119209689e-01
6.139999994635582103e-01
6.082000014185905412e-01
6.221999993920326322e-01
6.184999996423721225e-01
6.152999982237815635e-01
6.155999988317489846e-01
6.175999993085861117e-01
6.175000008940696450e-01
6.237000018358230813e-01
6.224000006914138794e-01
6.190000003576279219e-01
6.212999996542930559e-01
6.209999996423721802e-01
6.213000002503394903e-01
6.250000020861625760e-01
6.253999978303909080e-01
6.266000017523765120e-01
6.263000011444092019e-01
6.228999948501586781e-01
6.205999988317489890e-01
6.238000008463859825e-01
6.220000028610229714e-01
6.265999993681907743e-01
6.197999992966651828e-01
6.219999998807906882e-01
6.313000002503394992e-01
6.279000031948089866e-01
6.266999971866608066e-01
6.198999997973442255e-01
6.283000016212463290e-01
6.286000013351440430e-01
6.318000042438507435e-01
6.294000002741814148e-01
6.311999991536140220e-01
6.325999969244002763e-01
6.297000017762184321e-01
6.333000010251998990e-01
6.322000029683113587e-01
6.307000017166137784e-01
6.282999989390373186e-01
6.316000011563300820e-01
6.384999999403953019e-01
6.336999964714050693e-01
6.317000004649162559e-01
6.338000023365020219e-01
6.280000019073486150e-01
6.357999992370605424e-01
6.333000004291534646e-01
6.355000007152556973e-01
6.335999965667724609e-01
6.338999986648559126e-01
6.370999985933303300e-01
6.419000011682510776e-01
6.344999980926513405e-01
6.363999995589256775e-01
6.451000022888183638e-01
6.383000004291534690e-01
6.382000043988227400e-01
6.423000007867812888e-01
6.342000001668930409e-01
6.406000036001205933e-01
6.360000026226043657e-01
6.386000013351440519e-01
6.346000033617019698e-01
6.393000006675719771e-01
6.435000014305114480e-01
6.435000026226043168e-01
6.466000026464462369e-01
6.403000009059905961e-01
6.450999999046325151e-01
6.425999999046325684e-01
6.510000008344650757e-01
6.446000003814696955e-01
6.470000022649764482e-01
6.450999993085860806e-01
6.456000012159347490e-01
6.406000006198883101e-01
6.503000026941299083e-01
6.456000003218650418e-01
6.446999996900558694e-01
6.410999977588653920e-01
6.461000013351440030e-01
6.456000012159347490e-01
6.470000004768371449e-01
6.494999998807906572e-01
6.475000005960463989e-01
6.464000004529952825e-01
6.445000010728836326e-01
6.495000028610229403e-01
6.437000012397766646e-01
6.483000028133392156e-01
6.469999998807907104e-01
6.537000012397765625e-01
6.531999999284744396e-01
6.430000048875809116e-01
6.510000026226043790e-01
6.511999964714050293e-01
6.526000028848648604e-01
6.485000014305114524e-01
6.490000003576278376e-01
6.450999999046325151e-01
6.503000000119208979e-01
6.498000013828277854e-01
6.532000017166137429e-01
6.469000017642975164e-01
6.528999990224838568e-01
6.520000004768371493e-01
6.541000050306320368e-01
6.560000002384185347e-01
6.535000032186508712e-01
6.547000014781951815e-01
6.567000025510787431e-01
6.538000005483627364e-01
6.567999997735023410e-01
6.579000020027160334e-01
6.570000022649764571e-01
6.646000021696090165e-01
6.593000024557114092e-01
6.617000007629394442e-01
6.548999971151352462e-01
6.565000033378600719e-01
6.553000020980834783e-01
6.586000049114226762e-01
6.567000013589858742e-01
6.527000004053116200e-01
6.542000025510787964e-01
6.612999993562698187e-01
6.574000030755996482e-01
6.623000043630600242e-01
6.575999993085861473e-01
6.550000011920928955e-01
6.644999980926513672e-01
6.578999984264374268e-01
6.582999992370605069e-01
6.604999989271164162e-01
6.639999985694885476e-01
6.583000034093856589e-01
6.599000000953674228e-01
6.585999989509582209e-01
6.605000019073485884e-01
6.635000026226043346e-01
6.602000015974044400e-01
6.622999989986420033e-01
6.606000041961670455e-01
6.623000019788741755e-01
6.631000006198882746e-01
6.642000031471252397e-01
6.647000002861023216e-01
6.681000018119811479e-01
6.655000025033950273e-01
6.676999998092650879e-01
6.637000024318695512e-01
6.652000027894974243e-01
6.647000026702880593e-01
6.719000005722045588e-01
6.656000000238418979e-01
6.626999992132186490e-01
6.639000022411346569e-01
6.666000038385391235e-01
6.686000019311905129e-01
6.699000030755997148e-01
6.714999997615813676e-01
6.659000027179717840e-01
6.669000029563904031e-01
6.696999979019164773e-01
6.709999990463256792e-01
6.708000004291534424e-01
6.655000025033950273e-01
6.747000002861023304e-01
6.659000003337860463e-01
6.649000018835067305e-01
6.687000018358230102e-01
6.677000004053116333e-01
6.694999998807906749e-01
6.684000015258788618e-01
6.663000005483626920e-01
6.662999999523162575e-01
6.716999989748001498e-01
6.698000001907348233e-01
6.756000006198883412e-01
6.718000042438506680e-01
6.713999992609024359e-01
6.731000000238418490e-01
6.675000029802322654e-01
6.701000028848648205e-01
6.738000023365020574e-01
6.693000012636184382e-01
6.722999995946884466e-01
6.705000019073485973e-01
6.764000010490417436e-01
6.724999994039535522e-01
6.742000007629393998e-01
6.792000031471252530e-01
6.740000021457671631e-01
6.797000032663345070e-01
6.730000013113022206e-01
6.758000016212463157e-01
6.743999987840652022e-01
6.743000006675720082e-01
6.725999987125397261e-01
6.737000024318695601e-01
6.737000012397765802e-01
6.710999995470047219e-01
6.745000052452087003e-01
6.735000044107437578e-01
6.751000022888183905e-01
6.742000007629393998e-01
6.788999998569488215e-01
6.799999988079070690e-01
6.785000008344650446e-01
6.750000047683716309e-01
6.745999991893768533e-01
6.744999998807906794e-01
6.743000030517578569e-01
6.768000024557113692e-01
6.777000069618225320e-01
6.784000027179718506e-01
6.763000047206878529e-01
6.784000021219253052e-01
6.740000015497207286e-01
6.730000019073486550e-01
6.789000034332275391e-01
6.822000008821487160e-01
6.772999989986420166e-01
6.800000017881393521e-01
6.803000003099441972e-01
6.787000018358230191e-01
6.784000009298324363e-01
6.792000019550323842e-01
6.809000021219253629e-01
6.787000000476837158e-01
6.766000008583068492e-01
6.774000018835067971e-01
6.860000014305114302e-01
6.808000010251998857e-01
6.819000053405761541e-01
6.779000020027160511e-01
6.798000013828278121e-01
6.755000025033950362e-01
6.763000047206878529e-01
6.769000023603439775e-01
6.804000008106231290e-01
6.836000013351440918e-01
6.763000047206878529e-01
6.815000033378600941e-01
6.820000004768371760e-01
6.757000017166138184e-01
6.780000019073486595e-01
6.779000014066696167e-01
6.822000038623809992e-01
6.819000035524368508e-01
6.825000047683715820e-01
6.784000045061111539e-01
6.781000018119811568e-01
6.825000017881392989e-01
6.856000018119812189e-01
6.789000016450882358e-01
6.874000036716461093e-01
6.800000029802322210e-01
6.845000022649765370e-01
6.814000022411346169e-01
6.765000039339065241e-01
6.861999988555907981e-01
6.813000023365021196e-01
6.801999998092651545e-01
6.802999997138976518e-01
6.851000028848648338e-01
6.851000064611434404e-01
6.806000030040740834e-01
6.831000000238418579e-01
6.886000019311905307e-01
6.848000019788742510e-01
6.847000002861023393e-01
6.860000014305114302e-01
6.844000017642974942e-01
6.842999988794327137e-01
6.832000011205673351e-01
6.912000000476836714e-01
6.844000011682510598e-01
6.880999988317489935e-01
6.854000002145766990e-01
6.822000014781951505e-01
6.883000016212463823e-01
6.873000025749206321e-01
6.861000001430511697e-01
6.907999998331070257e-01
6.945999968051910223e-01
6.831000000238418579e-01
6.827000004053115356e-01
6.845000022649765370e-01
6.860999995470047352e-01
6.880000042915344061e-01
6.901000016927718583e-01
6.854999977350234586e-01
6.869000029563904208e-01
6.859999996423721269e-01
6.857000011205672818e-01
6.910000020265578691e-01
6.844999986886978194e-01
6.845000028610229714e-01
6.932000017166137784e-01
6.862000018358230813e-01
6.825000005960464300e-01
6.807000017166138228e-01
6.876000034809112149e-01
6.854000025987625477e-01
6.848000001907348366e-01
6.904999977350234630e-01
6.893000018596648903e-01
6.889000016450882447e-01
6.902000015974044667e-01
6.958000010251998990e-01
6.904000031948089866e-01
6.836000013351440918e-01
6.893000000715255871e-01
6.895000004768371271e-01
6.919000035524368597e-01
6.887000024318694624e-01
6.948000043630599976e-01
6.939000046253204212e-01
6.922000014781951593e-01
6.935000014305114924e-01
6.859000003337860640e-01
6.963000065088271739e-01
6.898000043630599931e-01
6.922000014781951593e-01
4.017999988794326849e-01
4.061999988555908270e-01
4.043999975919723711e-01
4.050999993085861450e-01
4.054999992251396290e-01
4.037999990582465948e-01
4.036999988555908248e-01
4.064999985694885409e-01
4.044999977946281411e-01
4.060999989509582742e-01
4.048999989032745495e-01
4.063999968767166293e-01
4.085999992489814936e-01
4.061999991536140442e-01
4.054999983310699219e-01
4.058999994397163302e-01
4.053999981284141518e-01
4.114999985694885454e-01
4.046999976038933022e-01
4.078999990224838057e-01
4.055000001192092807e-01
4.081999987363815197e-01
4.089999979734420532e-01
4.041999986767768616e-01
4.089999979734420532e-01
4.084999999403953752e-01
4.083999988436698980e-01
4.052999970316886746e-01
4.046999976038933022e-01
4.035999989509582719e-01
4.081999984383583024e-01
4.085999986529350037e-01
4.052999997138976851e-01
4.060999983549117842e-01
4.068999993801116766e-01
4.059999996423721558e-01
4.038999995589256375e-01
4.072999987006187261e-01
4.073999992012977689e-01
4.067999982833862549e-01
4.094999986886977972e-01
4.106999978423118702e-01
4.072999989986419433e-01
4.084999984502792336e-01
4.044999992847442827e-01
4.116999980807304338e-01
4.066999977827072121e-01
4.082999989390373452e-01
4.090999990701675304e-01
4.047999978065490723e-01
4.082999992370605624e-01
4.077999985218048185e-01
4.084999990463256681e-01
4.061999988555908270e-01
4.081999981403350852e-01
4.115999984741210982e-01
4.101999989151954851e-01
4.049999988079071023e-01
4.111999982595443970e-01
4.076999968290329068e-01
4.088999980688095004e-01
4.089999973773956188e-01
4.064999976754188338e-01
4.050999981164932207e-01
4.048999992012977667e-01
4.087999975681305131e-01
4.037999981641769431e-01
4.087999984622001648e-01
4.084999984502792336e-01
4.082999977469444208e-01
4.036999976634979004e-01
4.076999980211257757e-01
4.077999982237816012e-01
4.069999980926513605e-01
4.059999981522560142e-01
4.106999981403350874e-01
4.078999975323677196e-01
4.078999996185302956e-01
4.063999992609024225e-01
4.072999984025955089e-01
4.060999986529350014e-01
4.082999974489212036e-01
4.068999984860420249e-01
4.058999991416931130e-01
4.093999996781348960e-01
4.084999981522560164e-01
4.054999974370002702e-01
4.066999980807304294e-01
4.070000001788139365e-01
4.103999972343445046e-01
4.072999972105026401e-01
4.091999983787536488e-01
4.064000001549720742e-01
4.078000006079673945e-01
4.077999994158744701e-01
4.062999987602233798e-01
4.091999980807304316e-01
4.092999991774559088e-01
4.083999991416931152e-01
4.097999984025955111e-01
4.085999986529350037e-01
4.080999988317489668e-01
4.078999972343445024e-01
4.089999982714653259e-01
4.112999981641769498e-01
4.092999979853629844e-01
4.078999993205070229e-01
4.066999995708465709e-01
4.071000006794929238e-01
4.114999994635581970e-01
4.115000000596046315e-01
4.080000001192092829e-01
4.098999974131584123e-01
4.074999988079071045e-01
4.062000000476836958e-01
4.082999977469444208e-01
4.087999981641769476e-01
4.110999983549117887e-01
4.105999988317489691e-01
4.092999976873397672e-01
4.110999977588653542e-01
4.096999984979629583e-01
4.089999976754188360e-01
4.093000000715255604e-01
4.131999999284744485e-01
4.115999981760978810e-01
4.086999985575676120e-01
4.113999980688095026e-01
4.092999985814094743e-01
4.077999961376190252e-01
4.122999978065490789e-01
4.126999992132187045e-01
4.075999984145164401e-01
4.122999984025955134e-01
4.085999980568885692e-01
4.114999991655349798e-01
4.118999999761581154e-01
4.149999976158141868e-01
4.113999980688095026e-01
4.097999972105026423e-01
4.114999985694885454e-01
4.121999981999397433e-01
4.129999977350234941e-01
4.105999988317489691e-01
4.138999992609024292e-01
4.146999981999397455e-01
4.141999992728233604e-01
4.083999976515769736e-01
4.099999988079071067e-01
4.115999981760978810e-01
4.116999965906142922e-01
4.091999971866607799e-01
4.116999980807304338e-01
4.118999984860420294e-01
4.114999985694885454e-01
4.130999991297721885e-01
4.138999983668327221e-01
4.156999993324279608e-01
4.116999977827072166e-01
4.117999967932701177e-01
4.124999994039535434e-01
4.102999994158744723e-01
4.146999990940093972e-01
4.139999994635581992e-01
4.095999991893768399e-01
4.137999981641769520e-01
4.122999992966651650e-01
4.116999986767768682e-01
4.115999984741210982e-01
4.103999981284141563e-01
4.128999984264373757e-01
4.133999973535537609e-01
4.137999978661537348e-01
4.143000000715255648e-01
4.123999986052513389e-01
4.121000003814697110e-01
4.094000002741813860e-01
4.113999980688095026e-01
4.109000000357627691e-01
4.082999986410140725e-01
4.056999990344047347e-01
4.100999978184700079e-01
4.101999983191489951e-01
4.115999975800514465e-01
4.121999999880790466e-01
4.126999980211257801e-01
4.104999983310699263e-01
4.125999996066093689e-01
4.130999979376792641e-01
4.121999976038932534e-01
4.129999971389770597e-01
4.151999980211257824e-01
4.144999977946281500e-01
4.145999991893768444e-01
4.146999979019165283e-01
4.098999977111816295e-01
4.115999990701675326e-01
4.131999984383583069e-01
4.121999967098236017e-01
4.105999976396560447e-01
4.155999976396560491e-01
4.159999993443488919e-01
4.149999991059303284e-01
4.132999986410140769e-01
4.138999986648559393e-01
4.146999987959861800e-01
4.115999987721443154e-01
4.135999962687492149e-01
4.117999976873397694e-01
4.108999970555305414e-01
4.149999976158141868e-01
4.140999969840049588e-01
4.118999975919723777e-01
4.143999969959258900e-01
4.124999991059303261e-01
4.106999963521957286e-01
4.116999977827072166e-01
4.140999975800514488e-01
4.134999993443488897e-01
4.127999982237816057e-01
4.133999979496001953e-01
4.139999997615814165e-01
4.132999983429908597e-01
4.133999976515769781e-01
4.162999966740608127e-01
4.103999981284141563e-01
4.117999988794326938e-01
4.129999995231628529e-01
4.126999977231025629e-01
4.118999987840652466e-01
4.122999975085258617e-01
4.133999994397163369e-01
4.133999967575073264e-01
4.098999965190887607e-01
4.139999976754188404e-01
4.111999961733818210e-01
4.083999985456466808e-01
4.134999975562095864e-01
4.124999999999999778e-01
4.121999987959861778e-01
4.151999977231025651e-01
4.125999993085860962e-01
4.146999981999397455e-01
4.097999984025955111e-01
4.111999985575676142e-01
4.152999985218048251e-01
4.148999974131584167e-01
4.102999988198280379e-01
4.152999991178512595e-01
4.127999976277351157e-01
4.099999997019767584e-01
4.110999992489814958e-01
4.121999981999397433e-01
4.132999980449676425e-01
4.141999986767768704e-01
4.140999969840049588e-01
4.137999975681305176e-01
4.108999985456466830e-01
4.158999982476234702e-01
4.115999981760978810e-01
4.121999981999397433e-01
4.147999975085258639e-01
4.130999994277954057e-01
4.117999979853629866e-01
4.125999984145164445e-01
4.132999980449676425e-01
4.139999982714652749e-01
4.131999981403350897e-01
4.139999985694885476e-01
4.136999979615211265e-01
4.142999997735023476e-01
4.128999984264373757e-01
4.139999988675117648e-01
4.137999984622001692e-01
4.135999989509582253e-01
4.151999986171722168e-01
4.157999977469444275e-01
4.118999981880188122e-01
4.128999990224838101e-01
4.155999988317489735e-01
4.119999971985817133e-01
4.123999974131584145e-01
4.147999978065490811e-01
4.131999975442886552e-01
4.140999981760978832e-01
4.119999986886977994e-01
4.099999988079071067e-01
4.110999977588653542e-01
4.146999976038932556e-01
4.163999986648559415e-01
4.131999987363815241e-01
4.135999989509582253e-01
4.146000000834464960e-01
4.139999973773956232e-01
4.125999981164932273e-01
4.131999990344047413e-01
4.119999977946281478e-01
4.130999988317489713e-01
4.106999984383583047e-01
4.140000000596046337e-01
4.154999980330467135e-01
4.130999985337257541e-01
4.137999984622001692e-01
4.137999978661537348e-01
4.154999995231628551e-01
4.142999973893165544e-01
4.102999976277351135e-01
4.149999970197677523e-01
4.123999986052513389e-01
4.150999960303306535e-01
4.141999992728233604e-01
4.154999995231628551e-01
4.153999978303909435e-01
4.175999966263770902e-01
4.141999980807304360e-01
4.156999981403350919e-01
4.133999976515769781e-01
4.129999989271164185e-01
4.133999988436699025e-01
4.149999988079071112e-01
4.162999978661537370e-01
4.173999983072280706e-01
4.148999992012977756e-01
4.167999985814094810e-01
4.166999980807304382e-01
4.170999991893768466e-01
4.142999979853629888e-01
4.172999975085258662e-01
4.129999992251396357e-01
4.150999984145164468e-01
4.152999985218048251e-01
4.171999981999397478e-01
4.169999980926513694e-01
4.150999990105628812e-01
4.166999989748000899e-01
4.122999981045722961e-01
4.128999978303909413e-01
4.143999972939491072e-01
4.114999979734420554e-01
4.124999982118606745e-01
4.115999993681907498e-01
4.123999974131584145e-01
4.123999989032745561e-01
4.140999990701675348e-01
4.173999980092048534e-01
4.132999971508979908e-01
4.137999984622001692e-01
4.155999997258186252e-01
4.138999977707862876e-01
4.145999982953071372e-01
4.156999990344047435e-01
4.135999977588653564e-01
4.166999980807304382e-01
4.148999989032745583e-01
4.155999988317489735e-01
4.131999987363815241e-01
4.133999988436699025e-01
4.137000003457069197e-01
4.139999994635581992e-01
4.162999975681305198e-01
4.154999977350234963e-01
4.143999978899955972e-01
4.123999989032745561e-01
4.147999972105026467e-01
4.148999983072280684e-01
4.163999989628791587e-01
4.142999991774559132e-01
4.163999983668327243e-01
4.160999980568885759e-01
4.146999976038932556e-01
4.138999995589256464e-01
4.157999986410140791e-01
4.168999987840652510e-01
4.162999969720840299e-01
4.166999986767768727e-01
4.151999959349632063e-01
4.154999986290931480e-01
4.129999989271164185e-01
4.145999976992607028e-01
4.152999997138976940e-01
4.120999985933304077e-01
4.145999976992607028e-01
4.139999982714652749e-01
4.171999990940093994e-01
4.168999981880188166e-01
4.147999966144561568e-01
4.186999979615211309e-01
4.151999983191489996e-01
4.166999971866607866e-01
4.161999979615211287e-01
4.179000002145767390e-01
4.171999981999397478e-01
4.170999974012374878e-01
4.171999987959861822e-01
4.154999989271164207e-01
4.175999987125396662e-01
4.148999989032745583e-01
4.175999966263770902e-01
4.179999983310699330e-01
4.181999984383583113e-01
4.197999969124793784e-01
4.145999976992607028e-01
4.180999982357025413e-01
4.158999979496001975e-01
4.174999976158141890e-01
4.177999985218048273e-01
4.140999987721443176e-01
4.168999972939491094e-01
4.124999988079071089e-01
4.186999976634979137e-01
4.150999984145164468e-01
4.149999979138374595e-01
4.178999975323677285e-01
4.162999972701072471e-01
4.194999971985817200e-01
4.162999969720840299e-01
4.153999966382980191e-01
4.198999974131584212e-01
4.169999992847442383e-01
4.164999988675117670e-01
4.187999969720840321e-01
4.175999984145164490e-01
4.162999999523162575e-01
4.175999981164932318e-01
4.184999990463256769e-01
4.174999973177909718e-01
4.158999964594841114e-01
4.168999993801116855e-01
4.187999978661537392e-01
4.170999974012374878e-01
4.175999972224235801e-01
4.155999985337257563e-01
4.168999987840652510e-01
4.164999991655349842e-01
4.166999974846840038e-01
4.172999987006187350e-01
4.177999988198280445e-01
4.151999980211257824e-01
4.160999977588653587e-01
4.172999981045723006e-01
4.149999985098838939e-01
4.165999987721443198e-01
4.154999986290931480e-01
4.157999995350837863e-01
4.163999965786933655e-01
4.164999973773956254e-01
4.132999983429908597e-01
4.144999983906745844e-01
4.181999999284744529e-01
4.170999991893768466e-01
4.147999978065490811e-01
4.177999982237816101e-01
4.177999982237816101e-01
4.181999978423118769e-01
4.159999990463256747e-01
4.160999977588653587e-01
4.166999968886375694e-01
4.142999976873397716e-01
4.148999986052512856e-01
4.174999967217445374e-01
4.166999980807304382e-01
4.163999980688095071e-01
4.179999983310699330e-01
4.160999986529350103e-01
4.176999968290329157e-01
4.162999972701072471e-01
4.154999974370002791e-01
4.152999982237816079e-01
4.193000000715255693e-01
4.161999979615211287e-01
4.183999967575073309e-01
4.165999975800513955e-01
4.161999973654746943e-01
4.125999972224235757e-01
4.192999976873397761e-01
4.154999974370002791e-01
4.151999992132187067e-01
4.209999984502792447e-01
4.178999972343444558e-01
4.175999981164932318e-01
4.160999983549117931e-01
4.134999981522560208e-01
4.157999968528747758e-01
4.159999981522560231e-01
4.172999992966651694e-01
4.162999972701072471e-01
4.159999981522560231e-01
4.160999992489815003e-01
4.147999975085258639e-01
4.150999972224235779e-01
4.162999981641769542e-01
4.179999998211860746e-01
4.158999976515769803e-01
4.171000003814697155e-01
4.167999988794326982e-01
4.172999975085258662e-01
4.158999976515769803e-01
4.201999971270561351e-01
4.180999994277954102e-01
4.179999980330467158e-01
4.162999975681305198e-01
4.177999976277351202e-01
4.162999990582466059e-01
4.164999976754188427e-01
4.192999988794327004e-01
4.171999976038932578e-01
4.156999975442886575e-01
4.193999978899956016e-01
9.999999981373548785e-02
9.999999981373548785e-02
9.999999981373548785e-02
9.999999981373548785e-02
9.999999981373548785e-02
9.999999981373548785e-02
9.999999981373548785e-02
9.999999981373548785e-02
9.999999981373548785e-02
9.999999981373548785e-02
9.999999981373548785e-02
9.999999981373548785e-02
9.999999981373548785e-02
9.999999981373548785e-02
9.999999981373548785e-02
9.999999981373548785e-02
9.999999981373548785e-02
9.999999981373548785e-02
9.999999981373548785e-02
9.999999981373548785e-02
9.999999981373548785e-02
9.999999981373548785e-02
9.999999981373548785e-02
9.999999981373548785e-02
9.999999981373548785e-02
9.999999981373548785e-02
9.999999981373548785e-02
9.999999981373548785e-02
9.999999981373548785e-02
9.999999981373548785e-02
9.999999981373548785e-02
9.999999981373548785e-02
9.999999981373548785e-02
9.999999981373548785e-02
9.999999981373548785e-02
9.999999981373548785e-02
9.999999981373548785e-02
9.999999981373548785e-02
9.999999981373548785e-02
9.999999981373548785e-02
9.999999981373548785e-02
9.999999981373548785e-02
9.999999981373548785e-02
9.999999981373548785e-02
9.999999981373548785e-02
9.999999981373548785e-02
9.999999981373548785e-02
9.999999981373548785e-02
9.999999981373548785e-02
9.999999981373548785e-02
9.999999981373548785e-02
9.999999981373548785e-02
9.999999981373548785e-02
9.999999981373548785e-02
9.999999981373548785e-02
9.999999981373548785e-02
9.999999981373548785e-02
9.999999981373548785e-02
9.999999981373548785e-02
9.999999981373548785e-02
9.999999981373548785e-02
9.999999981373548785e-02
9.999999981373548785e-02
